166	0|1|1|1|0;4.0|o
186	0|1|1|1|0;4.5|o
22	0|1|1|1|0;3.6666666666666665|o
253	0|1|1|1|0;10.0|o
6	0|1|1|1|0;6.0|o
166	0|1|1|1|1;2.0|o
186	0|1|1|1|1;2.5|o
22	0|1|1|1|1;2.6666666666666665|o
253	0|1|1|1|1;5.0|o
6	0|1|1|1|1;3.0|o
166	1|0|0|0|0;1.0|o
186	1|0|0|0|0;2.5|o
22	1|0|0|0|0;4.0|o
253	1|0|0|0|0;5.0|o
6	1|0|0|0|0;3.0|o
166	1|0|0|0|1;2.0|o
186	1|0|0|0|1;2.5|o
22	1|0|0|0|1;3.0|o
253	1|0|0|0|1;5.0|o
6	1|0|0|0|1;3.0|o
166	1|1|0|0|1;5.0|o
186	1|1|0|0|1;5.5|o
22	1|1|0|0|1;5.333333333333333|o
253	1|1|0|0|1;10.0|o
6	1|1|0|0|1;6.0|o
