166;186	0
166;186	3;ru
166;186	0;rd
166;186	0
166;22	2
166;22	1;ru
166;22	1;rd
166;22	0.2110144351839789
166;253	0
166;253	3;ru
166;253	0;rd
166;253	0
166;6	0
166;6	3;ru
166;6	0;rd
166;6	0
186;166	0
186;166	2;ru
186;166	0;rd
186;166	0
186;22	0
186;22	2;ru
186;22	0;rd
186;22	0
186;253	0
186;253	2;ru
186;253	0;rd
186;253	0
186;6	0
186;6	2;ru
186;6	0;rd
186;6	0
22;166	2
22;166	1;ru
22;166	1;rd
22;166	0.2110144351839789
22;186	0
22;186	3;ru
22;186	0;rd
22;186	0
22;253	0
22;253	3;ru
22;253	0;rd
22;253	0
22;6	1
22;6	2;ru
22;6	1;rd
22;6	0.09517252326594114
253;166	0
253;166	1;ru
253;166	0;rd
253;166	0
253;186	0
253;186	1;ru
253;186	0;rd
253;186	0
253;22	0
253;22	1;ru
253;22	0;rd
253;22	0
253;6	0
253;6	1;ru
253;6	0;rd
253;6	0
6;166	0
6;166	1;ru
6;166	0;rd
6;166	0
6;186	0
6;186	1;ru
6;186	0;rd
6;186	0
6;22	1
6;22	0;ru
6;22	1;rd
6;22	0.09517252326594114
6;253	0
6;253	1;ru
6;253	0;rd
6;253	0
