6;22	86;881250949
6;22	377;878887116
6;22	346;884182806
6;22	86;883603013
6;166	346;886397596
6;166	377;881171488
6;166	451;886324817
6;166	86;883603013
6;186	302;891717742
6;186	51;880606923
6;186	86;883603013
6;253	465;891628467
6;253	86;883603013
22;166	86;881250949
22;166	377;878887116
22;166	346;886397596
22;166	346;884182806
22;166	377;881171488
22;166	451;886324817
22;186	86;881250949
22;186	302;891717742
22;186	377;878887116
22;186	51;880606923
22;186	346;884182806
22;253	86;881250949
22;253	377;878887116
22;253	346;884182806
22;253	465;891628467
166;186	302;891717742
166;186	51;880606923
166;186	346;886397596
166;186	377;881171488
166;186	451;886324817
166;253	346;886397596
166;253	377;881171488
166;253	465;891628467
166;253	451;886324817
186;253	302;891717742
186;253	51;880606923
186;253	465;891628467
