100
101
102
104
107
110
116
129
13
133
149
15
153
155
161
17
172
179
181
183
193
194
199
20
201
202
205
206
207
209
21
211
217
222
223
224
228
229
234
246
254
255
26
262
268
269
275
281
289
293
3
302
336
349
35
363
380
399
40
401
405
410
418
425
442
445
446
451
454
461
463
483
485
486
49
490
496
497
5
502
509
510
515
521
526
531
537
544
552
561
570
575
578
587
595
601
609
61
614
617
626
63
631
637
639
646
650
652
653
655
656
660
68
681
682
683
685
690
693
698
699
702
708
713
719
724
726
727
729
730
733
736
745
750
752
755
756
761
762
769
774
778
782
787
790
792
795
797
803
813
814
82
820
822
824
828
832
833
837
839
843
845
847
853
854
863
865
866
868
869
873
896
900
910
914
915
920
925
930
933
