10
115
117
118
119
12
122
123
127
130
131
136
137
138
139
14
143
147
148
150
151
152
154
16
160
164
165
169
173
18
180
182
185
187
189
200
210
212
213
214
225
230
232
233
235
237
239
24
242
247
249
25
252
253
256
257
259
260
261
263
264
267
270
272
274
278
283
285
287
288
292
295
296
298
31
310
312
315
322
324
330
332
333
337
338
339
34
340
343
348
350
351
355
357
359
360
366
367
369
371
372
377
379
383
384
388
390
392
394
395
4
402
412
414
415
416
419
420
421
426
427
428
438
440
450
457
46
462
464
468
469
472
473
474
477
481
484
491
494
495
499
503
507
508
512
513
514
516
519
52
522
523
527
53
530
532
534
535
536
539
546
553
555
556
558
565
567
58
581
583
59
599
60
606
607
611
613
615
620
628
629
636
640
641
644
645
647
65
661
662
667
670
673
680
686
688
689
69
691
694
696
7
701
711
716
72
720
737
744
747
758
759
765
767
770
772
777
779
780
783
784
786
79
794
799
801
807
808
810
811
816
819
821
823
826
834
835
836
838
84
840
841
848
849
850
859
861
862
864
867
874
875
876
877
88
882
883
887
888
89
890
891
892
897
9
90
901
903
907
909
91
923
928
932
935
939
941
942
96
97
