1
103
105
106
108
109
11
111
112
113
114
120
121
124
125
126
128
132
134
135
140
141
142
144
145
146
156
157
158
159
162
163
166
167
168
170
171
174
175
176
177
178
184
186
188
19
190
191
192
195
196
197
198
2
203
204
208
215
216
218
219
22
220
221
226
227
23
231
236
238
240
241
243
244
245
248
250
251
258
265
266
27
271
273
276
277
279
28
280
282
284
286
29
290
291
294
297
299
30
300
301
303
304
305
306
307
308
309
311
313
314
316
317
318
319
32
320
321
323
325
326
327
328
329
33
331
334
335
341
342
344
345
346
347
352
353
354
356
358
36
361
362
364
365
368
37
370
373
374
375
376
378
38
381
382
385
386
387
389
39
391
393
396
397
398
400
403
404
406
407
408
409
41
411
413
417
42
422
423
424
429
43
430
431
432
433
434
435
436
437
439
44
441
443
444
447
448
449
45
452
453
455
456
458
459
460
465
466
467
47
470
471
475
476
478
479
48
480
482
487
488
489
492
493
498
50
500
501
504
505
506
51
511
517
518
520
524
525
528
529
533
538
54
540
541
542
543
545
547
548
549
55
550
551
554
557
559
56
560
562
563
564
566
568
569
57
571
572
573
574
576
577
579
580
582
584
585
586
588
589
590
591
592
593
594
596
597
598
6
600
602
603
604
605
608
610
612
616
618
619
62
621
622
623
624
625
627
630
632
633
634
635
638
64
642
643
648
649
651
654
657
658
659
66
663
664
665
666
668
669
67
671
672
674
675
676
677
678
679
684
687
692
695
697
70
700
703
704
705
706
707
709
71
710
712
714
715
717
718
721
722
723
725
728
73
731
732
734
735
738
739
74
740
741
742
743
746
748
749
75
751
753
754
757
76
760
763
764
766
768
77
771
773
775
776
78
781
785
788
789
791
793
796
798
8
80
800
802
804
805
806
809
81
812
815
817
818
825
827
829
83
830
831
842
844
846
85
851
852
855
856
857
858
86
860
87
870
871
872
878
879
880
881
884
885
886
889
893
894
895
898
899
902
904
905
906
908
911
912
913
916
917
918
919
92
921
922
924
926
927
929
93
931
934
936
937
938
94
940
943
95
98
99
