1	0.5871986560211887
10	0.5060464207966816
103	0.45253319334662057
105	0.5666061370942701
108	0.47727334634333457
109	0.6278293476071306
11	0.5660889288054047
111	0.4883096311896919
112	0.4465069588652505
113	0.44591215028146164
114	0.46570883191249923
115	0.4662722479141375
117	0.4407458505422905
118	0.7799245743226059
119	0.4758577869478338
12	0.5973170239143573
120	0.4758753609998915
121	0.5011278951812161
124	0.5112550857167776
125	0.6170102861160137
126	0.5086326156441641
127	0.4769515888838389
128	0.4959170264042384
13	1.0
130	0.531837477735245
131	0.47072595166730485
133	0.6888795251719473
134	0.4539143547417301
135	0.5738091770849593
136	0.5690200948148398
137	0.5671098677160062
138	0.5285502562119148
14	0.48901601034597775
140	0.5418576055112246
141	0.6028684757858069
142	0.4620146534084144
144	0.4905942872389873
145	0.7315426467905827
146	0.4671044018869358
147	0.49390821894529663
148	0.45898367086161346
151	0.5292802632787275
152	0.5713605448984239
158	0.45935918316022833
159	0.5933923476212865
16	0.5970795652274504
160	0.4550706140614214
162	0.469434318019457
163	0.6139484736559538
164	0.48117542030848837
166	0.4917578616854337
167	0.6135299499788355
168	0.6321384708392938
171	0.5212412674579595
173	0.500299097359471
174	0.5949867560513951
176	0.4576875040447101
177	0.48083341278008246
178	0.49954665338507637
18	0.47225856359325935
180	0.44364263828907624
183	0.7031570833914423
184	0.4922295097107983
186	0.5933527680171113
187	0.44999996178896684
188	0.4501225149271751
189	0.4747448540489063
19	0.48294275544792287
190	0.6144396025283901
191	0.45261085704320575
192	0.5040233748578359
195	0.6408660733558349
196	0.46911909942204827
197	0.6335341653260074
198	0.6650845522790115
2	0.44749045582325225
200	0.4774566898291123
203	0.563892612618007
204	0.5444267953255327
207	0.6882095074784997
210	0.4543764894963541
211	0.6955120584064325
213	0.5282433160798302
216	0.44664721514029965
218	0.46777560871059376
219	0.44207225294784513
22	0.652253828187074
221	0.49986779252569447
225	0.6762375722394519
227	0.5481769934301185
23	0.4928125900387248
230	0.47282971641588184
231	0.4445963748881405
233	0.5830097043197319
234	0.8102202530369487
236	0.5729978663880336
237	0.4752622932266398
238	0.6357845399554372
239	0.5886752722171931
24	0.5618625509838439
241	0.5445516177249442
242	0.63041475239917
243	0.4641563499952735
244	0.5232041950086971
245	0.6417675110998902
248	0.4980456069096781
249	0.4872465037988383
25	0.4445148218140533
250	0.4660996365365708
252	0.616302903431267
256	0.48863554243248325
257	0.45100922111487435
260	0.4411153416134397
261	0.45887170787131437
263	0.4721569258369736
264	0.534881637444182
265	0.49411841979729104
266	0.6457943681529047
267	0.4635321904751236
27	0.6601970273920127
270	0.6022697007571526
271	0.5462030227742578
272	0.5697059826553845
273	0.4499013360637628
274	0.45388448867979764
276	0.6537770733056112
277	0.518868947613068
278	0.5230562715737099
279	0.8022166138953747
28	0.45226452037899584
280	0.5580425528242643
282	0.5077398950696401
283	0.46933266593813316
284	0.4856033014333587
286	0.5582188244636597
287	0.4720125658833371
29	0.4495421421306973
290	0.6266673889623492
291	0.5345011893272943
292	0.5162982531427227
294	0.559946107669482
295	0.5482051441822849
296	0.5384910006797552
297	0.590258342200259
298	0.4482059505930532
299	0.5847101277976059
301	0.5740615035352461
303	0.7503962680438572
304	0.5685171669618478
305	0.634200841856982
307	0.45479979802434684
308	0.5026620123554618
309	0.5096258655688546
311	0.48243975379495735
312	0.6422985470304183
313	0.533595444968333
314	0.5558315792277957
315	0.4491136304764062
316	0.6275134682374682
317	0.4876905545882083
318	0.47093585375533603
319	0.514522136368763
32	0.6139590723159083
320	0.45668181743212655
321	0.44750768445713024
322	0.4886656191974456
323	0.4716440199756161
324	0.5813279491719942
325	0.5977588746563958
326	0.6742607073794117
327	0.6647894751594366
328	0.600412909286766
329	0.5636910317969532
330	0.6746504707738065
331	0.47702634463197663
332	0.5171239509839379
334	0.5803224885220841
335	0.4908858705541581
338	0.4567517423519294
339	0.47051497762813965
34	0.44412934193763814
340	0.499189674999657
342	0.6366100301858343
343	0.5047468762534225
344	0.5001471932311765
345	0.501381339966719
346	0.6820882418444274
347	0.5810125765980769
349	0.6969222694364241
350	0.557410389133232
351	0.4835592548892134
353	0.5866217172653112
354	0.4949687691626322
355	0.44101159368177506
356	0.4753961669289339
357	0.48210902179006593
358	0.45683940668542705
361	0.44537939834302914
362	0.593903067340598
364	0.5358198936335273
365	0.5913191844522526
366	0.6033354138934286
367	0.4766092548794245
368	0.6315745837326457
37	0.44991065197957036
370	0.4493201544905807
371	0.46416298582672966
372	0.550829260862452
373	0.48159668334844735
374	0.7332199546103907
378	0.5984755798973196
379	0.46605165154898975
38	0.5554455031821327
380	0.7158580388022439
381	0.45988344147278853
382	0.5316118989755831
383	0.5981491616584655
384	0.45970989179168437
385	0.7285762660689163
386	0.4423763521742204
387	0.7128304012663453
388	0.4892685405252212
389	0.5008495169333474
391	0.44726869342886066
392	0.4693233422456647
393	0.6685102457771125
396	0.5620770970055716
397	0.4823168664259858
398	0.45571318437855546
4	0.5612155167470103
400	0.4646452058312047
403	0.46094877152536484
404	0.6569863496805751
406	0.6339535831315637
407	0.5608632139585908
409	0.5519403002845278
413	0.4538367420227765
415	0.48162828108941097
416	0.5855902557810574
417	0.7268227342977585
419	0.5039900882360463
42	0.479505427617297
420	0.4839627593083475
422	0.5460174573760681
423	0.4858633086650525
424	0.5988761539166733
427	0.6984054333615003
429	0.6348160359026696
43	0.4893451755692762
430	0.49175907059929386
431	0.5695416484860226
432	0.4495894537126376
433	0.5125836759181935
434	0.46058520274997744
435	0.7182881651601318
436	0.46460899836770864
437	0.5824467040997718
438	0.44433361830095186
44	0.495119092913975
440	0.5048263289482999
441	0.5025266154615732
443	0.5833666555836616
447	0.5005803265945523
448	0.6136560743001332
449	0.45447130233876115
45	0.47099780265500235
452	0.638193307310367
453	0.6629864322956354
455	0.5257318606910294
456	0.5627300664560931
457	0.4900674747795662
458	0.5178102937879688
459	0.6034102695489045
46	0.4581237004047354
460	0.5650857924206322
465	0.546281822013751
466	0.559311493023013
467	0.4442258503567902
468	0.46120210914800075
469	0.6877398394466023
47	0.44727700111877083
470	0.47995720554317634
471	0.5897053721542816
472	0.5654832433203799
474	0.5005475615283256
475	0.47370791008061863
476	0.5888925497800455
477	0.6343206867102057
478	0.5980803358936008
479	0.6214380341684171
482	0.5437646671432376
484	0.45531580863214777
486	0.7112188355008098
487	0.5317918631027418
488	0.6184404601985736
489	0.4683471164627283
492	0.5017595006892078
493	0.48651214076150523
495	0.5110133047655196
497	0.7397014498255555
498	0.6562623131666495
499	0.44796957028228246
50	0.4997286437022594
500	0.6596578810058047
503	0.5182385660949004
504	0.502674177673869
505	0.6079573005971185
506	0.5301761368343032
507	0.8230757659439245
51	0.4804806632350306
512	0.5626404491463958
513	0.5786673066715498
514	0.46095346770214224
516	0.4481424651621211
517	0.63287728266011
518	0.480541305174808
519	0.4958772348015358
52	0.5267262262698956
520	0.5489440332226386
522	0.5649093470619801
523	0.5874287111136174
524	0.6180268957023135
525	0.6291421728511007
526	0.67821063973081
527	0.44830472660706694
528	0.44469709588260875
529	0.4667110816887011
531	0.6678399813654965
532	0.5323692684486002
533	0.6342214831815153
534	0.46432164039468976
535	0.47443223766694514
536	0.45175904922795806
538	0.4656801552497175
54	0.46161598717735947
541	0.5018672620252799
542	0.5225646278474413
543	0.5159468346040376
545	0.5362406091482403
547	0.4486723560622998
548	0.5119102104440962
55	0.6337832390139707
550	0.4509294599565151
551	0.6144607142011419
553	0.49926428625539654
554	0.4887419469311448
556	0.5054849074525196
558	0.4903253341705812
559	0.4989412189957473
56	0.48974076578848275
560	0.5774680209414744
562	0.5366044323375893
564	0.5528400609513777
565	0.689658743990291
566	0.5854768709658396
567	0.4797229798698508
568	0.6100136636466195
569	0.5232085947685278
57	0.5370291278909751
571	0.5317347921083062
572	0.6514368264116313
574	0.5112783340851014
576	0.49505831116442434
577	0.4474805906877376
579	0.5298891778465932
58	0.4914291696359486
580	0.5028614311200625
582	0.6514565895697616
583	0.629485670441698
584	0.4869181137000702
585	0.44455102939782865
586	0.6380905498828966
588	0.5267282694927476
589	0.5659014842276724
59	0.5734489878882019
590	0.527548699041566
591	0.45507061408995025
592	0.6228528709632775
593	0.5003663573976157
594	0.5152227105898981
595	0.7067942716057438
596	0.45636282137921447
597	0.46813912564487825
6	0.5106224000022651
60	0.4787204715397785
600	0.48552023085137275
604	0.6300313156851888
605	0.4659675772367091
606	0.4803025919107097
608	0.5287462677918958
612	0.5793852551643147
613	0.5550434324747672
616	0.45372808389360325
618	0.6571137501591048
619	0.5474107356524165
62	0.6859954781443226
620	0.45657989625300055
621	0.5381812820394368
622	0.6330662505693888
624	0.5089962955273131
625	0.5552188636869209
627	0.6737684232005946
628	0.8029390801497178
629	0.47900255413148857
630	0.6341906655545352
632	0.4752616355120244
633	0.6135432757569304
634	0.604257930980208
635	0.6456918621519209
636	0.6308284433019914
638	0.506306872304062
64	0.5168229998468882
640	0.5204019137760093
641	0.46874189106898617
642	0.6002769045851176
643	0.4602374427152272
648	0.7575901769565463
651	0.633462318402086
654	0.4745250586753023
657	0.6618563316559251
659	0.45608587289137864
66	0.5281269889104596
663	0.5193414726817238
664	0.4600190167869757
665	0.5478178201508628
666	0.4854341924360643
668	0.5047433534724449
669	0.5984500758584227
671	0.5267836516217933
672	0.6632027891356514
674	0.44820724611458196
675	0.44293277787288676
676	0.5073323631848822
677	0.49554601324283765
678	0.5453541443374027
679	0.4612008969888878
681	0.6731030439303273
683	0.6771431824619538
684	0.531820584097641
686	0.708118984010351
687	0.5165447833668301
688	0.8935959078076543
691	0.5077156742301671
692	0.6382649009572616
694	0.49223456788774445
695	0.641206309157068
697	0.4862456247257187
7	0.5670181116779514
70	0.5327916993210162
701	0.49751361533539157
703	0.5029209945748452
705	0.4941061298357597
706	0.6191888862038195
707	0.5917860425836073
708	0.7157611441813726
709	0.5070301112512571
710	0.4477014336859267
711	0.4867100678300983
712	0.4838119249216418
714	0.5101116895459181
715	0.6062087367176698
716	0.4879539073660161
717	0.45779304243780267
718	0.4429913935116435
72	0.46442254321446336
721	0.5229582367493771
722	0.4586592502828653
723	0.6344031444818988
728	0.4720866755763085
73	0.450299109905625
730	0.666587517235396
731	0.6089124126626485
734	0.4754323989754622
735	0.614047422016828
738	0.4568145254443892
739	0.48994337657861425
74	0.44728786533067566
740	0.5588839954875447
741	0.5481999829156589
742	0.5306223022827319
743	0.4432335803700794
746	0.46627158394396223
747	0.5577947392345208
748	0.44135593466175865
749	0.5243615957053047
75	0.674434534636228
751	0.5359944344721694
752	0.7002884355803675
753	0.4880663266057864
754	0.5738235969269108
756	0.7090918420744836
757	0.6006624624271345
758	0.5394554026658005
759	0.450864501859753
76	0.5086420875295318
760	0.6684663845494735
763	0.4535595659736861
764	0.45094381478287976
765	0.4508871474146753
766	0.6109774664971285
767	0.6200676088524615
768	0.6563617035768965
77	0.4876038249806397
770	0.5534571764644927
771	0.47074594415475607
773	0.6756894045676965
776	0.5581582012339723
777	0.4571162833988577
78	0.5750727454929724
788	0.6439243834546664
789	0.44924236022636915
79	0.44297789576805485
793	0.5027017794159601
794	0.5453252519139576
796	0.5774136052585069
798	0.6601020222019115
802	0.5295733381995716
804	0.5045550826019236
805	0.7081408789997694
806	0.47078076196998014
807	0.44862544808028576
808	0.46696215969027205
809	0.5347495565681684
81	0.6393956691969296
810	0.6109518156891172
811	0.47028832523237835
812	0.5141809018973382
815	0.498148713396248
817	0.5875256126035074
818	0.5239387114236576
819	0.4477233692716292
821	0.5732675612061761
823	0.4655643962622655
825	0.5156414101325452
827	0.6468482550886228
829	0.4952530537846517
83	0.5943557688050063
830	0.45157714772021557
831	0.5198517528687329
835	0.48321382857594225
838	0.45823181940324725
839	0.6967052683649644
840	0.5025825760502614
844	0.5110049202795789
846	0.5537962637571054
848	0.587225005357158
849	0.9198523604212703
85	0.5260245716731003
850	0.6922989723819412
851	0.5982450179046191
852	0.526124260555003
854	0.7169306522949725
855	0.5886059081934025
856	0.551305254747317
857	0.646462437489327
858	0.5464920355104356
86	0.5024722876812148
860	0.6686366109928324
862	0.601129240000117
864	0.48573246134121517
867	0.551819968340769
87	0.45583970394164397
870	0.5913960097089505
871	0.5320120299692086
872	0.5843805459065623
875	0.4943638568401039
876	0.4815875007503263
878	0.6703220194508643
880	0.6249329643766478
881	0.6873588924603888
882	0.4708295481162738
883	0.4947671289389859
884	0.4483740007888164
885	0.6287796845539323
886	0.6462789695961514
887	0.5385291175093998
888	0.5387077988131347
889	0.5936913023810806
89	0.46296882962144786
890	0.45632641174102184
891	0.468021995458102
892	0.47053712919887974
893	0.5495155603184496
894	0.48714843534855384
897	0.48783799503007375
898	0.5132340907982353
899	0.5393277825770519
9	0.5319746316832125
90	0.5652224567974857
901	0.45664582734086445
902	0.5442502473817797
903	0.44978897978837007
905	0.6368680671045364
907	0.7170522770180338
908	0.48504056133371465
909	0.5685788668625853
91	0.4491653098648963
913	0.5249147933002956
916	0.6446023052380555
917	0.5002480924764853
918	0.6324575289976769
919	0.5838237556567758
92	0.7378442650194474
920	0.660762302274376
921	0.6690335774161266
922	0.5982232075860139
923	0.47821798617300415
926	0.6168343812450531
927	0.49783645515218516
928	0.7893678701067561
929	0.44710005503723804
93	0.596935346814447
932	0.48660132241667126
934	0.48447999323019825
936	0.46683099565846425
937	0.587007752732757
938	0.6849080990307156
939	0.5356349448023169
94	0.5713001103253095
940	0.5546389749509445
942	0.5292208011553322
943	0.6259538173295576
95	0.6333655721651517
96	0.5389136604960857
97	0.5034871264512525
98	0.4812193045038816
99	0.5263243099220118
