1	43.51665676804764
10	58.07729385864053
103	41.86143063154999
105	37.76358158735398
108	40.95976811218362
109	41.46747436933932
11	40.19884379753356
111	40.32516790366904
112	43.737427793776526
113	44.397032634629646
114	41.72000937069804
115	50.1720248025808
117	49.32956206236497
118	73.26652311805898
119	51.13788513522279
12	64.1916130960365
120	41.13395610541029
121	42.17562362716778
124	39.533045073131916
125	41.250663751154455
126	40.45176344111628
127	56.08787750292143
128	44.71040775784037
13	0.0
130	53.70710714017834
131	55.6581964170905
133	35.90533504982581
134	42.270823013495
135	37.496575394058404
136	62.414627064261
137	61.768768476487175
138	60.17280773289446
14	54.70481839340534
140	38.096338723439345
141	41.08244441643024
142	42.315928758724546
144	43.46008250089368
145	42.10253404764346
146	41.756212504193904
147	57.863398792128635
148	52.19945363546654
151	53.690653109057465
152	61.99086528765316
158	46.93481869316824
159	40.39681573692539
16	62.332809763608836
160	49.915084146691484
162	41.340988502515
163	36.68932865361842
164	55.77290562419667
166	40.61707863011839
167	38.983282427807865
168	38.69608216890838
171	38.60875963347333
173	58.002316087704465
174	44.415038097360245
176	43.77936953988204
177	41.805738116462024
178	44.01723625941924
18	49.50426678737672
180	50.507346981754466
183	36.52273656145245
184	43.724142031812434
186	39.483691482939186
187	54.0897810808457
188	46.24336495209316
189	52.46756606063116
19	40.18012000623092
190	37.428621254809265
191	41.845874478135855
192	40.203970142111345
195	37.26456715705645
196	41.84106829057083
197	37.995236368231694
198	37.4944068334357
2	43.82192848790213
200	53.21187627804278
203	38.53761188237281
204	39.26566124945451
207	37.46641461893571
210	53.14065918070341
211	36.15856805457048
213	58.783763520522044
216	46.417065233890796
218	41.455630710196566
219	44.62435769483823
22	38.73538450636203
221	42.48274041184923
225	68.31373010421835
227	39.07361249143021
23	43.04039854724259
230	48.5699601077712
231	42.92091034090969
233	62.86943331273615
234	38.31350434553794
236	40.44284420037045
237	56.063978731821464
238	36.81185789113261
239	59.8306655241346
24	61.81287088762588
241	38.29079004718019
242	66.0643262885373
243	42.585079221054315
244	44.60941808066015
245	36.60347596791772
248	41.69745461901545
249	55.62701178469227
25	53.3314135983632
250	46.545712886302525
252	65.22899196920153
256	52.54667277463184
257	52.7480596918659
260	52.810696172611195
261	55.13673984729554
263	53.563845447786235
264	58.51919886321964
265	41.42662721383725
266	36.54179839738313
267	50.01683020509766
27	36.3567074979462
270	63.21895884932553
271	41.7039581985212
272	62.071183170307535
273	41.962857353393204
274	53.46553087339572
276	42.36178649993845
277	39.98836330363705
278	59.76238352653944
279	44.199527530780735
28	44.40142580183785
280	43.81166726677256
282	39.36316980509172
283	55.47802147991307
284	40.30344206117213
286	48.27600577593725
287	55.29888634214031
29	42.150305792102394
290	38.163468391474396
291	45.72129728599706
292	58.640051694586234
294	40.45867234085137
295	59.83645565574205
296	57.79501894178211
297	40.61166543792548
298	52.63651675020356
299	40.0383629574623
301	42.34511140098154
303	42.96649589898223
304	37.94026502749459
305	40.39566251051732
307	46.52072019417555
308	46.640002290004034
309	39.61008882979795
311	47.50792347565344
312	65.07452980960859
313	41.9778326810514
314	46.17460336660522
315	51.974857383681936
316	39.56031737635915
317	40.25991912905761
318	45.68999874134945
319	39.025290978538855
32	37.14346981854728
320	45.15741900416401
321	45.01930409743911
322	57.037573297576266
323	41.50472671899571
324	62.94511101609598
325	38.50543678222807
326	39.08030256467706
327	38.349353914979915
328	39.158047140556775
329	37.55350069316594
330	67.97551597391231
331	42.96582654473761
332	56.932183938989766
334	40.96003718216802
335	40.77982019656246
338	52.002388086855255
339	52.772267333171456
34	53.14061858749501
340	57.14096678381081
342	41.60064638198822
343	52.34877175399928
344	43.853662109553284
345	43.32989336452555
346	38.082646018219776
347	43.53429111788539
349	36.36802103201369
350	61.71782433568472
351	56.40297530899455
353	37.247083935916635
354	46.17793619134361
355	53.735903344365596
356	41.05749831243451
357	55.75733003645979
358	44.320546483194505
361	45.888257025266064
362	38.107353877708924
364	38.61712622951268
365	38.56330583122579
366	64.3623290558577
367	56.11711581893982
368	36.79341023847462
37	42.60593865349203
370	43.83819880900286
371	54.70347106895791
372	61.2742383846952
373	46.24601005500314
374	40.45339085641449
378	39.48057677662107
379	51.45717502399318
38	46.587358949531364
380	37.16229380554373
381	47.08543454101893
382	39.560479779201685
383	63.949566933400426
384	55.49689673879354
385	40.338097182827724
386	42.52839724535796
387	41.978653883178794
388	57.22587912692976
389	44.37298776037209
391	45.32414276993631
392	53.0211906674701
393	39.89517081962113
396	38.12884285978501
397	43.621316376273576
398	44.82407209195362
4	62.13520383910856
400	41.23882669710936
403	43.37693574231175
404	36.48206536244325
406	42.57998238527523
407	39.99078271112715
409	42.515994104692915
413	42.659940743496065
415	56.703940541462806
416	51.24667984230787
417	39.21688981754933
419	58.456970216660224
42	45.174005136144025
420	56.61483368004506
422	39.19642421274497
423	40.92606515122392
424	38.236961896075236
427	69.63308326851353
429	39.502985987389955
43	45.70033411173587
430	40.690173418783544
431	37.75135662516397
432	44.13415891770535
433	39.64947024066131
434	44.25925740988107
435	40.99531255285875
436	45.68504780020102
437	43.05743015632091
438	53.41332070409642
44	43.00781558682136
440	57.51404687442241
441	39.22459942056346
443	38.06458427439533
447	41.516210773487074
448	37.40757341930943
449	45.266675539474036
45	41.17636789474902
452	41.38294914752803
453	38.12985573140499
455	39.46907217135567
456	39.6784473513802
457	52.9508961277183
458	44.63246161430868
459	38.75404451393806
46	54.660971339674894
460	38.299142165076084
465	39.103520001870365
466	39.75032914372014
467	43.324812580937156
468	51.62873511491368
469	69.04652735776851
47	42.13391753582922
470	41.169903342852955
471	38.83347417410834
472	59.900259292224106
474	54.21536417239669
475	41.50598612473813
476	38.25431481131631
477	66.30286772123347
478	39.40399681398274
479	39.848132034527666
482	38.220799409735775
484	51.3957828075758
486	37.90196614697722
487	44.12795145320798
488	38.13478652787065
489	44.8290830378377
492	40.13871093070273
493	45.55185117017108
495	51.873579734389864
497	37.26336296251379
498	37.707713731121665
499	48.296778198376956
50	40.91297502131494
500	39.55441873017105
503	54.19387047545431
504	42.875150501931756
505	39.55374177954542
506	44.11249460827739
507	75.88157816927244
51	40.77442175265517
512	62.10876306606493
513	62.969816735771126
514	48.00181581000676
516	54.38956925063727
517	37.42364906308959
518	42.81300506852128
519	56.00843335442386
52	60.02726473588762
520	38.8883648502699
522	62.06594787846479
523	63.38043727254907
524	41.87772246913316
525	37.18586415781842
526	36.9297359605887
527	47.386729382464836
528	44.246496709369836
529	41.68641019537652
531	36.37704285551968
532	56.664393226506675
533	39.46125767059263
534	54.3826781341966
535	51.201911352299796
536	48.706868679562916
538	42.12854577303863
54	43.84273370625747
541	43.29926877537602
542	39.5429085502546
543	40.46494260525279
545	39.93641055933448
547	42.19721831977209
548	44.612064602542034
55	36.884442855165844
550	43.321412712152195
551	50.99202288208139
553	56.860036000315425
554	41.086596411763566
556	58.02938068765782
558	57.65766974208142
559	41.65368879182705
56	43.04559378177417
560	37.92554408797105
562	42.13893907063293
564	38.01635768018829
565	69.35886906116222
566	39.94597705098365
567	51.69394148278886
568	38.49556363437979
569	39.553132256150676
57	40.1751669966126
571	38.64029474663059
572	36.64830592350835
574	40.36649701110486
576	40.06049546297339
577	46.18490282334696
579	39.357509890661476
58	49.12142621272867
580	41.00435023886985
582	36.896541747962964
583	65.85368028584689
584	40.05658256484088
585	44.94209716024345
586	38.22323406460261
588	47.91471872165223
589	39.623935682390524
59	52.03257002023395
590	39.786102857738264
591	42.84591611014153
592	50.01814469161063
593	43.394149029528215
594	39.2433868504915
595	37.11698944225414
596	41.42280499880936
597	42.69168049004768
6	43.21323132315549
60	54.12116912364682
600	41.14446607840177
604	36.95335160648965
605	45.3990267974272
606	51.86519367926004
608	45.86213399557494
612	37.771253098659145
613	61.61813096478481
616	41.78737039191622
618	38.09400959936828
619	40.10345577773831
62	38.47660805532461
620	47.57180207186625
621	41.341099706046265
622	40.78770694653591
624	40.07672879746047
625	38.62080343528187
627	38.807386722036
628	75.00195185901893
629	53.8981107733913
630	38.607919940085225
632	43.514339449667396
633	37.09748793139268
634	38.3452472722388
635	36.653452623709185
636	66.02303716276192
638	40.83013001773253
64	42.225988679202274
640	58.832600847042166
641	55.304884306221894
642	46.19285803823214
643	44.99754056712255
648	40.09337784917692
651	37.0618984282173
654	44.88688754816182
657	36.85960355267316
659	46.82032315277121
66	39.26106342087769
663	40.514756322794945
664	45.295655988297746
665	39.954884826095075
666	43.16257397746119
668	40.46069320276009
669	38.3262862705235
671	41.9701547684031
672	36.87815623566132
674	42.65131622025144
675	43.91235599314617
676	41.485719039544946
677	42.19440453654245
678	38.28791517933901
679	42.992399704838725
681	36.505507842215344
683	36.23575504281233
684	39.1941924730608
686	70.18539252812675
687	39.11816301567992
688	79.67172353843439
691	58.41943157045542
692	36.777846678579046
694	56.20091410501833
695	37.1066582980847
697	44.917274251076286
7	51.73764056739388
70	39.16284164822124
701	57.83279328373689
703	40.036567596677294
705	45.51996978577897
706	37.15100175938682
707	41.90441127115245
708	37.73414388180469
709	41.23217775681644
710	43.44042344305749
711	49.78731007872308
712	46.84369419461781
714	40.53346566053786
715	38.77270154230859
716	50.49133052828117
717	44.48660135443724
718	43.82789498660678
72	47.58933830730438
721	41.17277285280919
722	41.861699053367225
723	36.48363651530283
728	40.85501490132756
73	44.385412800576994
730	36.39725667797086
731	39.11282850938465
734	42.258768085759385
735	37.243191608413625
738	43.268372820799165
739	42.06898757370157
74	42.101222597353576
740	37.98205469842699
741	39.516191896112765
742	38.76047117973811
743	43.071190713271506
746	42.94517003086635
747	54.85435485599289
748	44.28431289292757
749	43.0857151791285
75	37.84898071206966
751	41.96899980641308
752	37.934084398780996
753	41.9852889035168
754	37.76255917507985
756	36.95904344583223
757	38.27538915759454
758	49.93093167474186
759	53.60043803314242
76	40.67749320530748
760	36.74501111539719
763	46.47169194167634
764	43.73984105723405
765	54.27101836895267
766	37.94242217111893
767	65.33367369737304
768	37.44471721337203
77	42.49918786012101
770	61.28649791423589
771	45.25102157792252
773	37.545153162774525
776	38.417498210510445
777	53.600544338258466
78	37.90331362081377
788	38.029375402873725
789	42.818116831092254
79	51.92492709421935
793	39.79519561680525
794	61.29794539664505
796	44.2480694033046
798	39.33817956241635
802	39.75576672083495
804	43.833330904072014
805	41.10504615911534
806	42.90290015051794
807	49.36276648330711
808	55.42447742997001
809	38.75679351680385
81	37.41102001630139
810	65.05078045417042
811	56.00687911446428
812	39.722306740096045
815	46.50906059173015
817	37.738115004869215
818	38.84333280504574
819	53.84298422312615
821	62.37396439511586
823	51.986412840749885
825	43.01331195619063
827	36.37895703371118
829	40.4650085894025
83	39.48278026167585
830	44.89249290038019
831	39.79843226311073
835	56.36556975663859
838	55.446431897336986
839	36.49682352731684
840	56.53154125748789
844	39.85619152435644
846	47.63512462920011
848	61.682797873136174
849	80.97701693624167
85	40.721404304255024
850	69.24989703137845
851	40.43159076254511
852	39.02619768300661
854	38.428316332376745
855	37.154407713811906
856	38.1313049285537
857	36.625634400491975
858	38.56376419082632
86	39.854683949783386
860	36.02490729894413
862	63.47211596357652
864	48.20790761933036
867	60.119421390871
87	46.18642761060914
870	40.41157297557063
871	39.8372415688618
872	38.43086314205568
875	57.53747999720435
876	57.17831028328915
878	37.69116232485881
880	40.25666123331985
881	39.63575401608303
882	53.52517755556077
883	50.6386627832762
884	44.30662769429514
885	37.975600250031974
886	40.06784631789138
887	52.527500619306394
888	60.93044934537869
889	39.806917756665975
89	53.7771039099348
890	48.25094515346659
891	55.74211770191163
892	51.772026321600485
893	38.261133466483464
894	42.514407175360546
897	51.87699511212248
898	39.24900372751441
899	40.617054666001124
9	60.123285342522244
90	59.99003876883374
901	48.31203736271427
902	38.99604786777046
903	47.90745507261335
905	36.7379245573841
907	70.58326009828778
908	40.66864433475977
909	62.489565425502526
91	49.12254824262523
913	41.129759201246976
916	38.93742636888187
917	40.68849014163676
918	39.28689404274748
919	41.183018325831384
92	38.45525122540628
920	36.103530236630064
921	37.879759827266675
922	38.399470487970014
923	56.19497054693876
926	36.79736476688396
927	44.475599514723086
928	74.36189621780086
929	43.47693873746777
93	37.622554339075315
932	51.195757612930514
934	44.25716302831523
936	45.68363483508492
937	37.888135949702686
938	38.035187061566276
939	59.926369033947836
94	45.25104401708396
940	39.58250313184872
942	59.89956336937867
943	41.17973634148993
95	41.228018717587176
96	60.21744013288544
97	56.574964894943406
98	41.40539506888879
99	41.86006616604687
