1	13
10	450
100	405
101	405
102	405
103	13
104	405
105	13
106	13
107	405
108	13
109	13
11	13
110	405
111	13
112	13
113	13
114	13
115	450
116	405
117	450
118	450
119	450
12	450
120	13
121	13
122	450
123	450
124	13
125	13
126	13
127	450
128	13
129	405
13	405
130	450
131	450
132	13
133	405
134	13
135	13
136	450
137	450
138	450
139	450
14	450
140	13
141	13
142	13
143	450
144	13
145	13
146	13
147	450
148	450
149	405
15	405
150	450
151	450
152	450
153	405
154	450
155	405
156	13
157	13
158	13
159	13
16	450
160	450
161	405
162	13
163	13
164	450
165	450
166	13
167	13
168	13
169	450
17	405
170	13
171	13
172	405
173	450
174	13
175	13
176	13
177	13
178	13
179	405
18	450
180	450
181	405
182	450
183	405
184	13
185	450
186	13
187	450
188	13
189	450
19	13
190	13
191	13
192	13
193	405
194	405
195	13
196	13
197	13
198	13
199	405
2	13
20	405
200	450
201	405
202	405
203	13
204	13
205	405
206	405
207	405
208	13
209	405
21	405
210	450
211	405
212	450
213	450
214	450
215	13
216	13
217	405
218	13
219	13
22	13
220	13
221	13
222	405
223	405
224	405
225	450
226	13
227	13
228	405
229	405
23	13
230	450
231	13
232	450
233	450
234	405
235	450
236	13
237	450
238	13
239	450
24	450
240	13
241	13
242	450
243	13
244	13
245	13
246	405
247	450
248	13
249	450
25	450
250	13
251	13
252	450
253	450
254	405
255	405
256	450
257	450
258	13
259	450
26	405
260	450
261	450
262	405
263	450
264	450
265	13
266	13
267	450
268	405
269	405
27	13
270	450
271	13
272	450
273	13
274	450
275	405
276	13
277	13
278	450
279	13
28	13
280	13
281	405
282	13
283	450
284	13
285	450
286	13
287	450
288	450
289	405
29	13
290	13
291	13
292	450
293	405
294	13
295	450
296	450
297	13
298	450
299	13
3	405
30	13
300	13
301	13
302	405
303	13
304	13
305	13
306	13
307	13
308	13
309	13
31	450
310	450
311	13
312	450
313	13
314	13
315	450
316	13
317	13
318	13
319	13
32	13
320	13
321	13
322	450
323	13
324	450
325	13
326	13
327	13
328	13
329	13
33	13
330	450
331	13
332	450
333	450
334	13
335	13
336	405
337	450
338	450
339	450
34	450
340	450
341	13
342	13
343	450
344	13
345	13
346	13
347	13
348	450
349	405
35	405
350	450
351	450
352	13
353	13
354	13
355	450
356	13
357	450
358	13
359	450
36	13
360	450
361	13
362	13
363	405
364	13
365	13
366	450
367	450
368	13
369	450
37	13
370	13
371	450
372	450
373	13
374	13
375	13
376	13
377	450
378	13
379	450
38	13
380	405
381	13
382	13
383	450
384	450
385	13
386	13
387	13
388	450
389	13
39	13
390	450
391	13
392	450
393	13
394	450
395	450
396	13
397	13
398	13
399	405
4	450
40	405
400	13
401	405
402	450
403	13
404	13
405	405
406	13
407	13
408	13
409	13
41	13
410	405
411	13
412	450
413	13
414	450
415	450
416	450
417	13
418	405
419	450
42	13
420	450
421	450
422	13
423	13
424	13
425	405
426	450
427	450
428	450
429	13
43	13
430	13
431	13
432	13
433	13
434	13
435	13
436	13
437	13
438	450
439	13
44	13
440	450
441	13
442	405
443	13
444	13
445	405
446	405
447	13
448	13
449	13
45	13
450	450
451	405
452	13
453	13
454	405
455	13
456	13
457	450
458	13
459	13
46	450
460	13
461	405
462	450
463	405
464	450
465	13
466	13
467	13
468	450
469	450
47	13
470	13
471	13
472	450
473	450
474	450
475	13
476	13
477	450
478	13
479	13
48	13
480	13
481	450
482	13
483	405
484	450
485	405
486	405
487	13
488	13
489	13
49	405
490	405
491	450
492	13
493	13
494	450
495	450
496	405
497	405
498	13
499	450
5	405
50	13
500	13
501	13
502	405
503	450
504	13
505	13
506	13
507	450
508	450
509	405
51	13
510	405
511	13
512	450
513	450
514	450
515	405
516	450
517	13
518	13
519	450
52	450
520	13
521	405
522	450
523	450
524	13
525	13
526	405
527	450
528	13
529	13
53	450
530	450
531	405
532	450
533	13
534	450
535	450
536	450
537	405
538	13
539	450
54	13
540	13
541	13
542	13
543	13
544	405
545	13
546	450
547	13
548	13
549	13
55	13
550	13
551	13
552	405
553	450
554	13
555	450
556	450
557	13
558	450
559	13
56	13
560	13
561	405
562	13
563	13
564	13
565	450
566	13
567	450
568	13
569	13
57	13
570	405
571	13
572	13
573	13
574	13
575	405
576	13
577	13
578	405
579	13
58	450
580	13
581	450
582	13
583	450
584	13
585	13
586	13
587	405
588	13
589	13
59	450
590	13
591	13
592	13
593	13
594	13
595	405
596	13
597	13
598	13
599	450
6	13
60	450
600	13
601	405
602	13
603	13
604	13
605	13
606	450
607	450
608	13
609	405
61	405
610	13
611	450
612	13
613	450
614	405
615	450
616	13
617	405
618	13
619	13
62	13
620	450
621	13
622	13
623	13
624	13
625	13
626	405
627	13
628	450
629	450
63	405
630	13
631	405
632	13
633	13
634	13
635	13
636	450
637	405
638	13
639	405
64	13
640	450
641	450
642	13
643	13
644	450
645	450
646	405
647	450
648	13
649	13
65	450
650	405
651	13
652	405
653	405
654	13
655	405
656	405
657	13
658	13
659	13
66	13
660	405
661	450
662	450
663	13
664	13
665	13
666	13
667	450
668	13
669	13
67	13
670	450
671	13
672	13
673	450
674	13
675	13
676	13
677	13
678	13
679	13
68	405
680	450
681	405
682	405
683	405
684	13
685	405
686	450
687	13
688	450
689	450
69	450
690	405
691	450
692	13
693	405
694	450
695	13
696	450
697	13
698	405
699	405
7	450
70	13
700	13
701	450
702	405
703	13
704	13
705	13
706	13
707	13
708	405
709	13
71	13
710	13
711	450
712	13
713	405
714	13
715	13
716	450
717	13
718	13
719	405
72	450
720	450
721	13
722	13
723	13
724	405
725	13
726	405
727	405
728	13
729	405
73	13
730	405
731	13
732	13
733	405
734	13
735	13
736	405
737	450
738	13
739	13
74	13
740	13
741	13
742	13
743	13
744	450
745	405
746	13
747	450
748	13
749	13
75	13
750	405
751	13
752	405
753	13
754	13
755	405
756	405
757	13
758	450
759	450
76	13
760	13
761	405
762	405
763	13
764	13
765	450
766	13
767	450
768	13
769	405
77	13
770	450
771	13
772	450
773	13
774	405
775	13
776	13
777	450
778	405
779	450
78	13
780	450
781	13
782	405
783	450
784	450
785	13
786	450
787	405
788	13
789	13
79	450
790	405
791	13
792	405
793	13
794	450
795	405
796	13
797	405
798	13
799	450
8	13
80	13
800	13
801	450
802	13
803	405
804	13
805	13
806	13
807	450
808	450
809	13
81	13
810	450
811	450
812	13
813	405
814	405
815	13
816	450
817	13
818	13
819	450
82	405
820	405
821	450
822	405
823	450
824	405
825	13
826	450
827	13
828	405
829	13
83	13
830	13
831	13
832	405
833	405
834	450
835	450
836	450
837	405
838	450
839	405
84	450
840	450
841	450
842	13
843	405
844	13
845	405
846	13
847	405
848	450
849	450
85	13
850	450
851	13
852	13
853	405
854	405
855	13
856	13
857	13
858	13
859	450
86	13
860	13
861	450
862	450
863	405
864	450
865	405
866	405
867	450
868	405
869	405
87	13
870	13
871	13
872	13
873	405
874	450
875	450
876	450
877	450
878	13
879	13
88	450
880	13
881	13
882	450
883	450
884	13
885	13
886	13
887	450
888	450
889	13
89	450
890	450
891	450
892	450
893	13
894	13
895	13
896	405
897	450
898	13
899	13
9	450
90	450
900	405
901	450
902	13
903	450
904	13
905	13
906	13
907	450
908	13
909	450
91	450
910	405
911	13
912	13
913	13
914	405
915	405
916	13
917	13
918	13
919	13
92	13
920	405
921	13
922	13
923	450
924	13
925	405
926	13
927	13
928	450
929	13
93	13
930	405
931	13
932	450
933	405
934	13
935	450
936	13
937	13
938	13
939	450
94	13
940	13
941	450
942	450
943	13
95	13
96	450
97	450
98	13
99	13
